100.0 76.02 15.59 -52.31 -95.14 -92.34 -45.27 23.51 81.02 99.67
76.02 54.03 -1.03 -61.73 -97.45 -89.43 -39.97 28.37 83.52 99.28
15.59 -1.03 -41.61 -82.98 -99.98 -78.61 -23.79 42.18 89.95 97.23
-52.31 -61.73 -82.98 -99.0 -92.34 -55.58 3.1 62.32 97.09 91.1
-95.14 -97.45 -99.98 -92.34 -65.36 -18.36 37.71 83.52 99.91 77.69
-92.34 -89.43 -78.61 -55.58 -18.36 28.37 72.45 98.0 92.58 54.29
-45.27 -39.97 -23.79 3.1 37.71 72.45 96.02 97.23 70.53 20.4
23.51 28.37 42.18 62.32 83.52 98.0 97.23 75.39 33.1 -20.68
81.02 83.52 89.95 97.09 99.91 92.58 70.53 33.1 -14.55 -61.37
99.67 99.28 97.23 91.1 77.69 54.29 20.4 -20.68 -61.37 -91.11
